100
100
99.47916022
98.77701639
97.63728885
97.13372847
95.23211369
93.2094609
92.87244308
92.1171519
93.38432817
94.23754797
94.65778375
96.03915387
97.41338849
97.75071407
97.19322167
97.67086299
97.67578266
96.51614534
98.40417779
96.99121784
97.19731876
99.12681403
99.06495562
98.64127308
96.88104679
97.12658255
97.02738658
96.79258351
98.53763231
97.67702267
97.79915296
96.50231001
95.69183917
95.34969793
93.74216772
95.38771441
93.59905567
93.85196027
93.21702541
91.18631411
90.39968039
90.59634942
90.75987021
91.23900652
90.37083625
90.93763324
90.23839119
89.29269586
90.32915312
91.96940989
92.5433494
92.88367086
92.94818636
93.71175144
95.30041185
96.00780819
96.04664802
95.61851869
95.42109105
95.16514426
95.68608305
96.34674666
96.7046859
96.19176088
95.28841405
94.41212957
94.20430079
94.0793938
93.87498196
93.09445815
93.80858604
92.74682483
93.36888539
94.47247413
94.45533499
95.69436785
97.28710778
97.96506233
97.81442249
97.73366245
98.74629369
99.13614598
100.3163935
101.1225125
102.8436992
103.3714631
103.6838168
103.8766234
103.7981844
103.6051567
104.6670166
106.0578263
107.6996898
106.5414737
103.8330397
102.2856739
102.2051292
103.3709142
102.1467255
102.1374141
102.9259435
102.3972588
102.9985364
104.0175084
104.6855884
105.9731529
105.1752063
105.6327703
105.0023558
104.516065
104.7333945
106.1313753
107.1680038
106.5652961
104.4244229
103.1816854
101.8847146
100.3245036
99.4379225
99.13267954
97.45691005
94.94534119
93.18253249
94.19017443
93.44039481
94.26421278
95.13472985
94.73698502
95.13583739
95.0539318
95.39146093
94.42724406
94.74287342
93.40961253
93.7070611
95.41516277
96.80128512
96.26245103
95.75516744
96.06560892
97.8804366
98.93506877
100.460776
100.5345551
101.6871695
103.0449939
104.2304792
105.3710638
105.2746434
106.7891563
106.0435274
104.1340569
102.1728269
100.8836797
99.87181464
99.37288915
99.1067858
98.82780437
98.71088067
97.73583849
96.97603305
95.60725597
94.10918613
93.480617
94.27193469
95.34901833
96.46191699
95.70271963
96.10940195
95.62948981
94.58806518
94.08902518
94.69889461
93.20153497
90.95980698
90.65343832
89.92814381
88.80766854
88.04767072
88.16246664
88.93219167
88.37494193
90.67179078
92.05377826
94.12536321
95.37758978
97.46417647
98.1359721
97.28579319
96.53882448
97.78085015
98.88833572
98.19165442
98.31773691
97.95193749
98.62902282
99.42015465
100.5284434
102.4224972
103.8281725
104.0174212
104.4517875
102.8555349
104.3200047
106.328792
107.6755561
107.4878372
108.1175728
108.153044
109.9025285
111.4876792
113.471681
113.4983487
112.2228794
110.9215519
110.9884554
111.8356764
111.3189584
110.1588313
111.1492212
110.4587086
111.9501483
111.7560983
111.8418123
111.9830711
113.216319
114.5822872
114.3430065
113.6976295
114.814965
115.588841
114.7157852
114.2845709
113.7509188
114.8920289
114.6778678
114.7018666
114.3936407
115.1997342
115.4935823
114.7719871
114.0322449
114.530423
114.2318597
113.7345911
113.8163191
114.1393829
113.5289418
112.2200027
112.1491815
113.1960068
114.2757482
114.3720469
112.0694314
110.4181595
113.0246526
113.6284752
115.7346526
116.0967838
116.9451408
117.0787271
116.4383344
116.127592
118.1160446
118.3886905
116.872704
118.0495977
118.7804833
118.4863565
118.2392314
117.3356861
116.5790222
116.1163988
115.0689188
115.7233406
116.8477432
118.7930705
118.4230266
117.3393928
115.321103
115.4135901
115.415343
116.3293586
113.3738612
112.4035768
112.7047627
111.8204409
111.9223522
111.8047576
111.6343225
110.5562777
110.2468863
110.7735944
111.2711795
111.1616706
111.6759102
111.0555448
110.8907796
111.7473407
109.802707
110.0221964
109.7400865
108.4383748
107.0230923
107.9881425
107.3752784
107.7592742
107.7904122
106.2234795
104.6903686
104.2339454
103.8914362
103.6456531
104.1390047
103.7329679
103.1540833
101.7068363
101.938698
102.5021781
102.635851
101.5397679
101.9914869
101.6013731
102.6005258
103.6650663
104.3669631
105.9573664
108.4253178
109.6911502
108.2581065
106.8766394
106.8081324
106.2040114
107.6299987
107.8509698
108.3585601
108.3551164
109.2372567
108.3105485
106.9833987
105.7108986
105.4769373
105.9918984
105.6842376
107.2525059
107.7099061
107.9344505
108.2036316
108.7841261
108.0872115
107.1395195
106.2744555
105.6967133
105.2166647
104.3346565
104.4433341
104.3147729
103.2430815
102.2772697
101.4279073
100.9499729
99.41294579
97.63650823
96.02338201
96.49224552
96.28346873
96.15443234
94.78214782
93.84644387
94.78786401
93.90438964
94.8411913
94.63845509
96.6566735
94.82173281
95.8845032
98.41640446
100.4296353
101.7502057
101.5528067
100.559961
99.91417191
100.723185
100.8956688
100.7798298
100.990229
100.3492418
98.66999667
98.27057275
97.29395054
96.28772327
96.91288399
96.75999613
95.15737052
93.6831129
94.03731474
93.47043952
95.04314479
95.93330544
97.05277318
97.66594488
98.44346108
96.62796135
94.96528744
95.91287224
96.72699307
97.43120465
96.2056659
96.21917409
96.91403802
97.12471043
96.56429502
95.90587168
95.42843474
93.92193024
93.9236649
93.46326288
94.57828741
94.04413906
94.54697666
93.66869102
95.11157752
97.53643293
99.26335373
99.0536927
100.1063376
99.84620846
100.3301885
101.9493531
101.8598297
102.4493652
102.8048105
102.1457933
102.9900229
102.680023
101.5773775
101.3645171
101.2510854
102.631854
101.5911069
101.7179381
100.9289573
100.5080914
100.2968606
99.63247338
100.4086133
100.8147578
102.4519559
101.775133
100.6261589
100.3993684
100.2396419
99.61514089
98.30538342
97.93717782
95.19089393
94.84370074
94.34019289
95.06144733
95.40218074
94.12078411
93.78035816
93.47756569
91.63442674
91.90790437
90.6061892
88.72534665
88.20896746
87.66756664
86.06187874
85.25673217
83.52582948
83.38046382
81.56693897
80.49901073
78.66470603
78.6298604
78.07762259
77.53585693
77.51354842
77.62095179
76.75627913
78.42087714
79.09258661
79.15491847
81.38273748
81.90961001
83.15369177
82.41813425
82.58012844
84.85456271
86.35724079
87.54712549
88.22182689
89.12782266
88.7584239
88.4361546
89.18072863
89.07172365
90.71856077
91.13995155
90.98055615
90.89708804
92.76973332
93.06893533
93.89163834
95.93130022
96.77116472
95.59259431
95.74114936
96.74879298
96.61552145
98.7355274
97.64341997
97.56029348
94.70535976
94.31151122
94.97781427
95.37034072
95.42995577
94.34107723
94.7523546
95.65863879
96.50766329
97.6073085
97.52012875
97.47499318
96.84031258
96.72120218
96.64815424
95.18536705
95.17381342
95.19610125
94.81267635
96.24699426
96.47399941
96.47263134
95.58160489
95.78082657
95.75288433
95.44713324
96.48301568
97.26792697
98.3840426
99.18024304
98.80257174
98.86334497
99.63898113
100.7863674
101.8242984
101.8884608
102.3748771
103.0220799
101.4995186
100.6689933
99.4104213
99.73668572
99.78575797
99.23616238
99.86028872
100.7015085
99.92207745
101.0504689
100.0520098
98.40689825
96.19194664
96.9146834
95.41728451
95.19803924
96.08460177
97.99752176
96.96844004
97.60097033
97.80377866
96.42181361
98.50069748
99.17084276
99.15286531
99.67101229
101.0991495
101.5853659
102.7252249
103.6088681
102.9221971
102.3605696
104.2429027
104.3578104
104.6194119
106.0984226
105.832346
104.8744512
104.6636522
104.9861032
105.2257689
106.1207333
107.783223
107.3282282
107.2756567
104.6516065
104.4356172
104.2785164
103.8055658
103.7436408
103.9895597
103.742828
103.3905121
103.7245287
104.3959008
104.9163908
104.1656946
103.8623487
104.8365055
105.8598176
108.1628558
108.0646209
107.866673
108.8613027
109.1625398
110.1735764
109.7166216
110.3171523
111.6113608
111.0720284
110.7793868
109.4070298
108.6942777
107.0948078
104.8755374
103.886901
101.1116503
99.96876959
100.6598042
101.7928027
103.8179162
103.7239585
103.795713
102.5211375
100.9467664
101.3883172
101.1177273
101.1149544
101.414753
100.7867728
100.0880287
100.0495911
98.27345812
95.66843462
96.37151818
96.06136154
95.95671164
96.55358692
95.20225509
95.63950136
96.89608567
98.32091402
98.4399971
97.85149255
98.74608115
98.04420701
96.93828075
95.14496642
93.16723221
93.69445609
93.12991903
93.93147252
95.27269685
95.94136197
95.77377583
95.11215709
95.96951552
96.17048064
95.76571862
95.10412743
96.23851273
96.3887492
97.11292509
96.18048164
94.81298398
95.00928577
93.43360149
93.42489215
92.41945127
92.07814139
91.9861902
91.13068965
92.37942324
91.24396212
89.93880555
89.02679987
88.85232355
87.94382356
87.95660899
88.44803899
88.80351556
88.93801919
89.36554101
87.50096395
87.67316877
88.73965708
88.2905152
88.62363915
88.81595291
90.46826471
91.67829639
93.26047311
94.26852595
94.92555184
94.58489507
93.78920683
93.86676319
92.80432008
92.25683162
93.58329672
93.75366873
93.28401421
93.50583928
92.57541785
92.00633073
92.45129662
92.28247723
92.66211054
93.12855625
92.94368236
92.8968527
91.24570944
92.23143506
92.12786979
93.35405948
93.84214478
94.82200226
96.76386016
97.29534636
99.55110754
100.2448043
101.3159411
101.4600404
102.1000335
101.0743208
102.0885071
102.9250391
102.6444988
102.0699409
102.7378778
103.6167984
102.9926991
104.4282399
104.1464264
104.6241811
105.0873423
106.0330524
107.5094792
109.395009
110.1754664
111.5835285
112.155422
112.8238119
112.3082134
111.6304334
109.2030906
108.3639011
107.8016317
106.6669335
106.4478553
106.0425722
105.6750742
105.8365929
105.893458
107.490039
107.8190419
107.4269445
105.7035038
106.6315539
105.9567872
104.8869987
103.910409
104.2880279
103.9200199
103.6720217
103.9825196
103.463493
102.5737536
101.1779886
101.1301397
99.8247854
100.1291133
99.51542649
96.94268075
95.38047121
94.78942378
95.19718931
95.17039299
94.96973103
94.43697539
96.47814869
95.93858048
95.62552073
95.16713428
95.17885198
96.17101591
96.17719441
95.34049362
93.84850664
93.46246672
94.6683348
95.17547122
98.01461906
99.3041743
99.60141211
100.0557127
100.2038676
100.5176193
100.3467319
101.2529094
99.34183682
99.63575044
99.76035355
97.57380318
96.17306174
94.99419545
96.41158653
95.8074875
95.80609921
96.5288407
96.57343575
96.91668739
96.84413869
96.59092862
95.07102653
94.80287189
92.79398696
92.8852704
91.70614781
91.38759837
91.74337715
91.18123211
89.45760387
89.05649434
87.2422518
88.83744795
89.47927063
89.72255712
90.46195019
90.70002184
90.89506976
91.28848758
90.66817587
92.11035013
91.64355526
92.61670293
91.95874951
92.26603314
93.01875116
92.49156688
93.35203563
94.30804311
93.26861898
92.59076755
93.48267296
94.17389899
94.25580155
94.55417536
93.5526873
93.86358818
94.86021649
94.98533011
93.89185193
93.29105805
92.39500974
91.78022219
92.71528481
91.89678963
91.37851297
91.25054887
92.55559463
93.29070925
94.39831639
93.69937435
94.74841068
95.89859435
96.35692578
98.26727287
99.49792219
100.7596008
101.789416
101.4836281
101.5103452
101.6042523
101.0141772
100.4111194
101.0149092
101.7634833
102.8544147
103.2352293
103.1937468
105.4340238
106.0261399
106.3591845
106.9547132
106.7497183
108.6550989
108.8391361
106.6598333
104.6458505
104.5772076
103.309347
101.0616623
99.7964886
98.70749403
98.47329885
98.10135978
96.54364542
95.74565301
96.27459818
97.83213029
98.25872434
96.98668948
95.57120577
97.54671396
96.81235146
95.13255693
94.80274148
93.32727599
91.37878269
90.8117581
93.32867657
93.72263819
94.95726726
95.23588129
95.0619099
95.63884273
96.01646448
95.53584928
96.81142486
96.46700701
96.31859887
97.45046581
97.33829064
96.93754169
97.66676469
98.35813004
98.82560779
99.6128865
100.3945184
101.9776279
103.2819355
102.516246
102.123163
102.7107437
102.0652578
103.3112253
104.3250722
106.1605255
107.1376554
109.8848619
111.2850261
111.957514
112.3722152
113.2376698
112.8408811
111.7348574
112.9190612
112.6960709
111.6616688
110.37542
109.3532149
109.6554427
108.7738307
107.9239922
107.756118
108.4067779
108.3698869
107.638356
108.476203
109.1309797
108.9531642
108.4760806
109.9943359
110.2809696
111.1196734
110.554828
110.0306643
109.0300924
108.0462114
107.3860524
107.5666209
109.1093776
110.4798183
110.0852811
110.9337319
110.9297619
112.1512811
114.5834671
115.7146521
116.652529
118.1487412
118.5992394
118.932186
120.7314749
120.3961782
119.655387
120.4896298
120.2365392
121.7154755
121.2365738
122.2093546
122.2442354
123.1514675
123.5759329
125.4369038
126.2925349
127.9091472
128.821008
129.6036224
131.4878517
132.2061333
131.4273638
130.9073789
130.8634369
132.1666973
131.9865256
131.9216131
132.8040147
133.2545064
134.1910252
134.9310428
134.2541543
133.9746523
132.8407802
132.9212291
133.4052798
133.15387
133.0770387
131.146359
132.147086
131.207299
131.8696248
132.5012239
133.6572905
132.9858281
132.3962521
131.8309883
132.4972767
134.1369223
134.0623695
133.045516
134.643981
135.4113391
136.908362
136.4463983
137.1201985
138.7886834
137.3896299
136.9011299
135.6799914
136.5693043
138.8901701
141.7051312
143.4627916
143.2854227
144.6034377
144.9542015
146.7932181
149.5714744
151.0899103
152.4361247
153.5564623
155.7843926
156.5553072
157.0560668
157.365492
158.1871581
155.6571301
155.8997633
154.4322557
154.7816557
154.1127657
153.1187365
152.6739192
151.998459
152.0843902
151.7588178
151.7317088
152.576592
151.5941834
151.0329933
150.1541901
148.7444643
149.4941793
151.3036066
152.6246942
153.2948094
153.8895917
154.3834769
154.8240782
155.5426554
157.0302883
159.0649439
159.87036
161.2990423
162.2356404
161.6556589
161.9958889
161.8510791
162.25443
163.9579296
165.252527
166.7126714
168.7972268
169.9344468
169.7497013
171.4706198
171.4150944
171.5303149
172.2285861
173.4346968
174.455001
175.3319084
175.0540628
175.8664235
174.7090258
173.5866625
173.4116332
174.434626
174.6106316
174.8375434
175.1356534
174.5063767
172.0341318
173.0592357
172.541721
171.3926256
171.5060006
170.9310815
173.2339789
172.93969
173.8240652
174.4559972
174.9915877
175.6042873
177.7814195
177.9299121
177.5800512
177.0271502
177.2720568
176.4898648
175.0111454
173.0896362
172.1185948
171.1808173
171.1938279
169.3817608
169.5617272
171.3245831
169.846856
170.7564319
169.816255
169.8716277
169.4116141
169.135825
168.3348056
166.4150435
163.7634205
162.9050379
162.4899773
160.6450814
159.9116704
159.6767668
158.631046
157.1635957
157.1573493
157.227063
157.3449789
156.7339281
157.0362126
158.4241437
159.0452888
160.2596358
161.2701047
161.521003
160.4034055
160.1039298
161.0481597
161.9480015
161.4211079
161.2055949
161.2308609
161.9968806
160.7649686
160.5971023
160.688206
161.8453833
162.8413158
162.717707
163.947923
164.2766846
162.6359449
163.773343
164.6776257
163.713722
164.0362812
166.2572197
166.4856805
167.4675853
168.5052779
170.0149534
170.3095555
171.3665713
172.2670854
171.3881433
172.6976479
171.9529224
171.6073662
172.643131
172.5994644
172.104657
173.1081756
172.2452692
170.9158588
170.0380516
168.7925135
169.0692305
168.8563987
169.4353851
168.3769881
168.6338997
170.1223284
172.0324498
172.9873409
173.8741823
175.4790813
176.2717124
175.1503378
175.2333432
175.9985126
177.6939222
177.8976859
178.5685308
178.8600166
179.7585076
180.0542956
178.6090674
178.9690439
178.1610122
177.9724748
177.7078934
176.4660008
175.8492125
177.720999
177.3672595
177.2748332
177.2997434
177.1593334
177.9511545
178.8247726
180.2939955
181.7439271
183.489862
183.8444347
184.3286666
186.0105705
187.3688052
186.7471041
186.9511355
188.4344572
188.8240522
188.4100201
189.0362891
188.7783999
189.9373382
190.9757891
190.2171644
191.8171662
193.5059283
195.0176888
196.305698
195.2709372
196.3621945
195.9027936
195.3476135
194.891578
195.3144659
195.2677479
196.8669062
195.3993487
192.4542441
191.7536131
190.8076248
190.039787
190.7785465
190.915906
191.9200637
192.9522089
193.0274266
193.5461676
191.175676
190.5684741
189.8195922
190.8773246
192.362724
193.2493149
192.8355164
193.467616
193.0248226
191.9591007
192.3291135
193.3279375
194.0636587
193.1276281
194.710847
194.4605129
194.7618283
196.0795622
197.5509069
197.640157
198.8815489
199.2243481
199.0737216
198.9437094
199.0304373
200.3072569
200.2432527
199.5200418
200.9846749
201.6365266
201.7278472
201.6369605
202.8619127
203.0695577
202.9742123
201.5806222
199.5355597
198.0667868
198.2255427
199.7513664
200.052917
202.0077106
203.740699
204.5280575
204.1653437
205.9587227
206.8010975
206.5569592
206.3817226
205.9064252
205.5556024
206.5301918
207.5630007
208.0836385
207.0665942
205.6746194
206.2688427
205.5386125
205.6078915
205.0806344
206.2983812
206.7332869
206.4263437
206.4985578
205.5011493
205.9119372
203.7884729
202.8870939
203.6296114
203.6039348
203.5851297
204.9831242
207.7326247
207.8031605
208.2669758
210.0608785
211.3063212
211.7726759
210.3432533
210.807166
210.518007
211.1643586
211.5851501
212.0048013
212.2935316
213.8076358
214.4595544
215.2609626
214.8737471
214.2631581
215.0132086
212.6950366
209.3393273
209.5823921
209.311704
209.7439915
210.9716588
212.472013
213.651932
214.0315479
214.9357438
215.4654901
215.6406562
215.5967191
216.0866567
217.2701645
216.6975776
214.9608605
214.4754984
213.1038563
210.0771773
207.9536294
208.0808158
207.8441099
207.5991429
207.1619492
207.6145239
206.6294899
206.7156998
206.8912878
207.7892339
206.0911109
205.4174285
205.8489355
207.6587004
207.0295692
206.6088684
205.0529583
205.0171717
206.3991401
206.528977
207.1067452
206.443538
207.1318212
207.6316902
209.5765979
210.6281477
210.0188713
210.828225
209.9940986
209.3280067
209.2371357
208.3987252
208.0766695
209.1740104
209.6472145
209.9067762
210.2022842
209.7377258
209.2716958
208.9478401
209.7764644
210.0359661
209.9580912
210.7579645
210.8605674
210.6348872
210.290255
211.5096226
212.7229309
213.238968
214.4956877
214.1743594
214.8185953
214.2037748
213.8998649
213.0230185
212.2298157
211.6830834
212.7214302
211.7661832
212.6370812
212.9904752
211.4012041
210.4745801
210.3035738
209.4364388
209.2257839
209.7836515
209.8541325
209.5077152
209.1076254
209.6823943
210.509328
209.465247
210.062354
210.0719494
209.9158726
210.0366458
211.3141072
211.3830467
213.2742335
212.8737446
210.4288615
211.702756
213.0452342
212.366149
211.6671987
210.0876778
208.6230384
208.9059813
209.1827954
208.1008149
208.8273029
208.1247228
208.9770154
208.7253231
208.683369
207.8803782
209.540553
209.8557963
210.6311509
210.6586659
210.9926806
212.0736726
211.8541213
213.4317616
211.9317093
210.1287988
209.7141084
210.5267593
211.1233909
210.2739041
209.0453656
208.5272423
207.1589351
207.517615
207.4873923
209.0793285
209.8577897
209.0349755
210.9861073
215.1781193
216.970861
216.7655229
216.9779196
216.6181338
217.9725386
216.444563
215.9092526
215.8195728
215.365226
213.8735806
213.9442901
212.5392515
212.7634109
212.3161999
211.8710119
212.3827871
214.0630459
214.2268737
214.6900159
214.8791333
215.4197449
215.9387825
215.3174729
214.6546496
215.0764894
214.0846529
215.5555681
216.3747622
216.6937857
214.9498567
214.1816503
213.5353514
212.8231984
210.7090882
210.1517754
209.6391516
208.1323727
205.7079749
205.0260437
204.467291
203.8398341
205.4788812
205.8532641
205.9199544
205.2656245
204.5585286
203.9662034
203.2905438
202.0071381
201.2880287
202.2828447
202.0981534
201.602954
202.416118
202.1187529
203.1674675
203.446287
203.8554432
204.4769202
203.4455289
201.2550418
201.3600697
201.7719391
201.60016
201.9333384
201.8505844
201.8854253
200.4501458
198.3648896
200.1061965
199.4957959
199.6353889
199.4656044
201.4830812
202.2846096
201.2710734
201.0557825
200.6321743
201.7873778
200.1290393
199.1303664
198.9646405
199.0670877
199.4378677
200.9760627
201.9071823
201.5495554
201.8933938
202.3234933
203.6243678
203.3365312
201.6733137
202.0820209
202.3713283
202.9503338
202.8963493
204.1291467
204.3164503
205.9916091
204.9890316
204.5757659
205.0857247
205.2525132
205.0198849
204.7171623
204.5511848
205.9682303
206.9557235
206.0128725
205.9557411
205.9898729
204.9987615
204.0349604
203.3341778
204.9160832
204.8637595
205.7731134
206.1562487
205.2569567
205.302439
205.9834402
205.4847029
204.4848612
203.2424017
202.8394799
203.0782418
204.2884111
205.1805875
204.9634096
205.4193704
204.7358553
204.1158375
203.8547585
201.6994496
199.2526832
198.9182894
200.462991
199.7347469
200.7130122
200.4966021
199.7235014
198.7078872
198.5647812
197.5385775
196.3465319
195.5392017
195.2679899
195.9899772
194.8915945
196.081079
196.5845267
197.188035
197.4905977
197.5397222
196.7876923
194.6986667
194.8088342
196.0697818
196.6181922
197.4019158
198.4634955
199.6995527
199.7706454
200.2993238
201.1640969
199.891401
198.4018776
198.4898006
198.4460822
197.6273876
196.9992698
197.7741627
196.2316927
195.5857967
194.0109737
193.8578852
195.3352717
196.9803099
195.6849994
193.9961027
194.5236546
194.3611171
193.3686463
192.6895196
191.5571846
191.3632728
191.4352033
191.8034629
190.6919985
191.2241077
192.5784786
192.8424796
192.996723
192.5630595
191.9524406
193.6675443
195.6046382
196.4347284
197.094747
196.4007273
196.2189201
195.8235317
196.335282
196.6820849
197.6669197
198.7452824
199.4654511
201.0577412
202.3460837
201.662137
201.0305536
200.3884299
200.6181785
199.5819661
199.9918003
199.1991701
197.7311923
197.5932828
196.0529614
195.8774784
195.675051
196.848515
196.8291884
196.3274839
194.8546884
195.9084258
195.0882202
194.0751061
192.9413566
191.8407853
191.9225466
191.9257535
190.7888178
192.5827961
191.0615234
190.9696956
190.8545418
191.6697576
190.1494477
188.6536721
187.2116995
188.2773018
189.3158558
190.3265103
191.1284824
190.5096336
190.150237
191.3659988
191.7263007
191.0120205
190.3251328
190.2915213
191.3791897
191.8371248
192.571361
193.5129348
194.2486405
195.7279601
194.981883
194.4116269
194.7414533
194.7988276
193.9349848
193.7435869
194.9748755
194.5084715
193.6209383
193.7109787
194.5787157
196.5934755
196.6777203
196.4421723
196.1340497
194.6861879
194.1546184
194.6439446
195.7104172
196.5328853
195.0520306
196.7444909
196.7261797
196.8699646
197.6170843
198.5535189
197.7037175
197.5313366
195.8037723
193.7065035
193.3944421
194.257713
194.6416895
194.8966291
195.2823805
196.8806202
197.1228842
198.8554858
198.6438715
198.7540485
198.0404418
196.7621837
196.9029022
196.9695892
194.947693
195.0789167
194.4607927
195.4607144
195.3342297
195.0523922
194.8742469
194.5533499
195.383536
195.8895513
196.1015595
197.1555706
197.4179758
197.0273035
197.8788885
197.5210652
196.7469281
197.493006
199.6256175
201.2078282
202.6420652
202.5350554
202.8569816
202.3870207
202.3534564
203.4147914
204.0120648
201.8165282
201.214529
199.7570661
201.4099952
201.5345013
201.7976001
201.1297549
201.0039984
199.6523473
199.4842963
199.0710006
199.1658976
200.1167593
200.1200837
200.4340205
198.9977218
199.4905541
199.3756871
198.1726584
198.9231574
198.4563463
198.4873105
200.4711997
200.1853555
200.0100346
200.6844576
201.2488802
202.1574778
202.7343545
202.6963714
203.6960658
204.181407
202.9223668
202.8079372
203.3140355
204.0353138
204.7235879
205.473154
207.4987672
209.0673199
209.4592287
211.4705014
210.3223826
210.8401691
209.9409732
210.5216394
211.0550345
211.7266893
212.0864344
212.6515559
212.1569996
211.3335988
209.3352805
208.729798
207.9145416
205.1875928
205.8285589
208.0545877
207.804414
206.7980739
208.7202737
208.2959179
208.5801514
207.5269201
206.8563563
205.6750696
204.7779216
202.2932714
202.7924418
201.6214576
200.9659202
199.3442565
197.909696
198.7858289
199.34686
199.2267958
200.1082939
200.8134435
202.1704232
202.2450248
203.2803531
203.434091
204.9030476
204.919952
205.6492489
205.0812915
204.1253332
204.8659391
202.7995695
201.9948276
202.1814026
200.4640954
200.8787321
200.5585698
199.9390097
200.1436138
199.3907309
199.4967254
198.3563144
198.6547462
198.9040667
200.5375576
200.9600899
200.5509923
201.1323632
198.548648
196.5633908
196.8715873
196.8997357
198.1817312
198.3792618
199.9587071
200.3784771
199.9702767
200.2034519
200.6074887
199.8725088
201.4478929
200.3810981
201.1212684
201.822757
200.8658548
200.9393648
200.1846325
200.0084517
199.2260342
198.6625445
197.6589503
197.9019902
196.5130241
196.8377526
197.3518043
197.8417724
197.9953949
197.2759144
197.0245861
198.1599388
197.4595308
195.8029167
195.4080305
194.3980399
195.6529684

